1.6083 1.7568
0.6879 -0.6006
0.2107 0.5011
0.1214 0.2628
-0.9707 -0.1492
0.8847 0.7403
-1.1779 -0.8869
-0.3526 -0.9674
0.4392 -0.7977
-1.6850 -0.9410
1.2817 1.5087
-1.0725 -0.8098
0.4430 -0.9061
0.7746 0.6045
0.3200 0.5056
0.6338 0.4314
1.1246 0.8820
0.2530 0.9007
0.3319 0.5335
0.2638 0.7706
-1.3931 -1.0113
-1.2542 0.1138
0.0825 0.2548
1.0327 -0.3275
-0.0472 -0.2860
-0.7006 -1.0464
-1.2213 0.8094
0.2440 0.4197
-0.3612 -0.6197
-0.3373 -0.1009
1.0265 0.8230
0.3839 0.2091
-0.3696 0.1512
0.5780 0.5491
0.7925 -0.5411
-0.2842 -0.0755
0.5174 0.6674
-0.1313 0.0722
0.1842 1.5627
0.6475 0.8461
0.7167 -0.3239
0.6821 -0.3019
-0.0815 0.2380
0.2034 0.3463
0.8374 0.6590
1.5374 1.1858
0.5756 1.1462
-0.2829 -0.8700
0.3502 -0.3160
0.8022 0.7356
-0.5994 -0.1123
-0.2759 0.1407
-0.2291 0.0868
-0.3219 0.3595
0.4097 0.0071
1.0065 1.2262
0.1725 -0.1035
0.0140 -0.4204
0.6973 1.4800
0.3949 0.2848
0.5269 -0.2819
0.3735 1.0669
-0.4028 -0.4857
0.1883 -1.0099
0.3910 -0.1283
-1.4575 -0.9727
0.1408 -1.6185
1.1110 0.2986
-0.4295 0.4469
-0.0140 -0.8560
-1.2836 -1.2730
0.2211 0.7539
-0.6128 -0.5217
0.5478 -0.4078
-1.8679 -0.3338
-0.7015 -0.2971
-0.0109 -0.3084
-0.5131 -0.5641
-0.0030 0.8673
-0.3743 -0.0460
-1.0217 -1.7816
1.0322 0.5077
0.2262 -0.1298
0.0694 -0.6799
-1.5038 -1.1463
0.4083 0.7275
1.5822 1.2764
0.2942 1.0508
-0.2397 0.1369
0.1705 0.3940
0.0031 -0.3221
-0.5909 -0.7188
0.2046 -0.1123
1.5956 1.3349
-0.3565 -0.3829
-0.5929 -0.6404
-1.1317 0.1067
-0.5940 0.5514
0.0712 -0.4762
-0.6479 -0.1595
-0.4775 0.1325
-0.5231 -0.2590
-0.4978 0.1300
-0.7018 -0.2479
1.6339 0.6431
0.9045 1.1361
-0.4674 -1.4210
-0.3299 -0.5910
0.3346 0.6374
-1.0854 -0.1000
0.4544 -0.2851
0.3048 0.0990
0.4307 0.2892
-0.9390 -1.9968
-0.9364 0.3971
-1.5870 -0.8522
0.8741 0.8092
-0.9927 -1.5057
-0.2794 0.4037
0.4748 0.2259
-0.3979 0.1757
0.6960 -0.7556
-1.2650 -2.0177
1.5865 -0.1635
0.5344 -0.5306
-0.3610 0.2930
-0.9411 -0.4430
-0.3645 -1.3944
0.0057 0.6336
1.2057 -0.1376
-0.6567 -0.8491
0.2670 0.0742
0.3302 0.5578
-1.5541 -0.9974
0.2541 0.5195
0.6877 -0.5611
-0.0449 -0.7628
0.5611 -0.1809
-0.5387 -0.9374
-0.7889 -0.2966
-0.7229 -0.0977
1.0909 -0.1559
0.4118 0.2943
-0.1439 0.6346
0.4429 -0.3581
0.0856 0.5276
1.0484 0.4114
1.3217 0.5205
-1.2597 -0.6037
-0.1090 0.2173
-2.3741 -0.7569
-1.1211 0.5665
-0.6552 0.3963
0.7834 0.2866
0.7823 0.0720
1.1730 0.0410
-0.6335 -0.1813
-0.0878 0.6608
-1.7768 -1.8787
-0.6822 0.2067
0.6281 -0.2637
-0.8204 -0.0227
-0.1077 -0.4979
0.6320 0.6601
-0.6353 -0.1095
-0.3122 0.4211
0.2813 1.1769
-0.2405 0.1924
0.1977 0.0935
0.1588 0.5247
0.5881 0.6267
-0.3124 -0.3083
-0.1467 0.1993
-0.5507 -0.6248
0.0422 0.8919
1.5689 0.9953
0.0945 0.2251
-0.6637 -1.1579
0.2009 1.0735
0.2561 -0.0752
0.1805 1.1180
-0.8775 -2.1123
1.2190 2.1065
0.4766 0.0859
0.3995 1.0636
-0.7999 0.0561
-0.2751 -0.6247
-0.2924 -0.5372
0.4581 0.5537
0.3561 -0.4596
0.4310 0.0061
-0.3696 -0.8866
0.4426 0.5484
0.5654 0.5734
0.5492 0.1294
-0.9331 -0.9327
-0.3360 0.0452
0.3612 1.0900
-1.1736 -0.0958
-1.2826 -0.3886
2.2654 0.0298
0.3550 -1.6822
-6.4423 -1.1688
-4.1240 6.7842
2.9147 -3.4004
0.4940 -4.1445
-6.8924 3.1369
-3.6566 -5.9774
-4.7162 -2.1736
5.2754 2.0369
