1.8341 1.7539
2.4534 2.8465
1.3738 0.5816
2.4864 1.0249
2.7644 1.5012
1.9481 2.3796
2.1916 2.4092
2.0692 1.6764
1.0067 1.0906
0.5086 2.0169
0.9819 1.3700
1.4289 0.4947
1.4792 2.6419
2.1518 1.6203
0.4284 0.2969
1.5609 2.1772
2.2978 1.8481
0.9915 1.4321
0.9701 1.6635
1.9782 1.2212
3.0773 1.6737
3.4597 2.0315
3.1990 1.7925
2.8437 2.0078
1.1783 2.2460
1.3156 1.8204
1.3676 2.2158
2.2058 1.8982
1.4892 1.9622
0.9209 1.1088
1.8924 0.7583
1.6367 2.1973
1.9286 1.1601
1.8188 1.5883
1.4770 0.8731
2.5718 1.6772
2.6727 1.0930
1.3815 1.7673
0.2137 0.8267
2.1239 2.2349
1.8599 1.8391
2.2109 0.9287
0.6344 1.1616
1.2028 1.3028
2.3839 1.8543
1.7116 1.7909
1.7726 0.9181
2.2993 0.6342
1.5333 2.1487
0.3160 1.7765
0.5183 1.0526
0.9709 2.5496
2.4117 2.3880
0.6384 1.4542
2.4441 1.9217
2.2680 1.8483
2.9825 3.5117
0.5979 1.7324
1.9358 1.4201
1.3141 0.9220
2.8411 1.9343
1.8341 1.2063
1.2149 0.3989
2.5331 1.8710
1.9949 1.5232
1.5967 1.9544
1.3098 1.5471
0.6403 1.5569
2.7087 0.5848
2.2313 1.5166
0.1464 1.0834
1.2852 0.0589
1.5003 1.6760
2.3631 2.0323
2.5309 3.0440
1.6889 2.9874
1.7391 0.9202
0.7441 1.4819
1.4175 1.1973
1.6625 1.3502
2.1745 1.7641
0.8477 0.1427
1.9836 2.3188
2.4019 1.1444
0.4625 0.8271
2.2563 0.9160
2.7885 1.1159
2.1194 1.4929
2.0934 1.8510
1.1854 1.1091
1.1438 1.6283
1.4523 1.8986
1.9223 1.4322
1.2665 2.2847
1.8490 2.5701
1.3718 1.7710
1.6669 1.3725
1.7157 1.6227
2.1737 2.1310
1.2015 1.0308
1.4415 1.1888
-0.4826 0.3076
1.7080 1.5418
1.3054 0.8730
1.0999 1.5284
2.0291 2.2928
1.0068 0.2222
1.1190 1.9272
2.0477 2.0618
1.4436 1.3514
1.1814 1.7866
1.1058 1.2325
0.9281 1.3027
0.0855 0.7399
0.6066 0.7407
0.9437 1.9489
1.3872 2.0858
0.6367 0.4560
1.2421 0.4726
0.8694 1.2059
0.3078 1.8676
1.2493 0.7281
2.0143 2.7811
1.7243 0.6344
1.2434 0.7272
1.1348 1.6249
1.3936 1.1934
0.7414 1.7901
2.0366 2.0223
1.0170 2.0299
0.4879 0.9475
0.3956 0.1628
2.8087 1.9060
2.3394 1.2954
3.4898 2.3648
0.7196 0.1090
1.7483 1.6913
1.7773 2.9311
2.5051 2.3263
3.2342 2.5763
1.3367 2.4699
0.9971 2.2784
1.5567 1.3398
1.9941 2.3491
0.9548 1.8053
1.3017 1.5235
0.9776 0.8442
0.8874 1.0807
0.6403 1.4861
1.4079 0.7270
1.0602 0.9623
2.4378 1.6407
1.2725 1.8235
1.9735 2.0185
1.5996 1.2125
0.9277 1.2944
1.0643 1.4828
2.2111 2.4396
0.4636 1.8932
1.9236 2.5223
2.8976 2.0197
1.4066 0.4837
0.6970 2.2816
1.6258 1.0363
1.5955 1.4352
1.6494 1.8016
2.0105 1.6902
1.2781 0.7684
2.1143 2.8943
1.2423 0.8835
1.4960 2.2835
2.6210 2.7289
0.8257 1.4402
-0.1112 0.3597
2.1285 2.4587
2.5982 2.5281
0.4532 0.2791
1.5624 0.5497
2.0789 1.7669
0.9070 1.9933
1.5708 2.0285
1.7763 1.2802
1.1473 1.7510
0.7061 0.6120
1.0598 2.5898
2.0431 1.7608
2.3789 1.9239
2.0272 1.6552
1.9277 1.9699
3.6165 -1.4192
1.4828 1.7321
1.1448 1.6853
1.2262 0.9142
1.0008 1.7368
0.8363 1.1992
1.1457 1.0064
3.0052 2.3697
2.1188 2.7032
0.7202 0.7222
1.6132 1.3782
-1.7479 -1.5106
-0.7912 -2.0655
-2.0082 -0.9132
-1.0307 -1.0873
-1.7363 -1.7035
-1.8489 -1.5747
-1.3486 -1.9752
-1.5621 -3.1681
-1.7520 -1.1984
-2.1596 -1.6359
-1.6965 -1.8487
-1.2634 -1.4228
-0.0768 -1.3968
0.0938 -0.5689
-2.4358 -1.8678
-1.4806 -2.0188
-1.7116 -1.3829
-1.5933 -1.5216
-1.7016 -1.3818
-1.4011 -2.3766
-1.2114 -0.3502
-1.1697 -1.1142
-1.7784 -0.9536
-1.2513 -1.3573
-2.0449 -1.6740
-1.9592 -1.5805
-1.2422 -1.2032
-1.0058 -1.7143
-1.3313 -1.8545
-1.2206 -0.6183
-1.1382 -2.6459
-1.0600 -1.1834
-1.2279 -1.0642
-1.0192 -1.4437
-1.4562 -1.3842
-0.9292 -1.1214
-1.8083 -1.0154
-2.1949 -1.9905
-0.7568 -1.6597
-1.5249 -1.4097
-1.6838 -1.5143
-1.5017 -1.3318
-1.7398 -1.5049
-0.5476 -2.1376
-1.4301 -2.0055
-1.6635 -1.1081
-2.2543 -1.4515
-2.0462 -1.9117
-2.0196 -1.7508
-1.3757 -1.3308
-0.6278 -0.7512
-1.0986 -1.3200
-1.7428 -1.9853
-0.7891 -0.9545
-1.9336 -1.2485
-1.3601 -1.6482
-1.3730 -1.7433
-2.2180 -1.3801
-1.3806 -1.0399
-1.6273 -1.0236
-1.1031 -1.9573
-1.4805 -0.7912
-1.3632 -1.8699
-1.6032 -1.5310
-1.1817 -1.8516
-1.9028 -2.7861
-1.3027 -0.7634
-1.4297 -1.0457
-1.6731 -1.5510
-1.5572 -1.7084
-1.3365 -0.6693
-1.7735 -1.9087
-1.2414 -0.9769
-1.4212 -1.8646
-1.5033 -1.3894
-1.6352 -2.2676
-1.5583 -1.7387
-1.6466 -1.1400
-2.3612 -1.3553
-1.5748 -1.8653
-1.0640 -2.0617
-1.8002 -1.4593
-2.0094 -2.2335
-1.8797 -1.0251
-0.7702 -0.8479
-2.3527 -2.1165
-1.0364 -0.7173
-1.9712 -1.9999
-1.8348 -1.3355
-1.0280 -1.3778
-1.8320 -1.3847
-0.9999 -1.0453
-1.5775 -0.0066
-1.4790 -1.0289
-1.5919 -1.5484
-2.3350 -0.7214
-0.2721 -1.3042
-1.2326 -0.6534
-1.7305 -1.8084
-1.7237 -1.7566
-1.4356 -1.2496
-0.9150 -1.7805
-1.4006 -2.0150
-0.6517 -1.4300
-1.6069 -2.4771
-1.8312 -2.2295
-0.9668 -1.3604
-2.0336 -1.5589
-1.7664 -0.5115
-0.4643 -2.0934
-1.0569 -1.1847
-1.7272 -1.8021
-1.5384 -1.7885
-1.8330 -1.8810
-1.5198 -1.9202
-1.0110 -1.3031
-1.6603 -0.7717
-1.2727 -1.2589
-0.9803 -1.2952
-1.2860 -0.4857
-0.5400 -0.7125
-2.1517 -1.3624
-1.3370 -1.9214
-2.2425 -1.2138
-1.3953 -1.4813
-1.6140 -2.1467
-1.2072 -1.4745
-1.0607 -0.3426
-1.8782 -1.2800
-1.9452 -1.6138
-1.0523 -1.2203
-1.7773 -1.4552
-1.9531 -1.1093
-1.2036 -0.6868
-1.1498 -1.4306
-1.2687 -0.8025
-1.6328 -1.1779
-0.7656 -0.6940
-1.5343 -1.4320
-1.4428 -1.6221
-1.4308 -0.8753
-1.6956 -1.3859
-1.9143 -1.6850
-1.0435 -0.6895
-1.5033 -1.7598
-2.8199 -0.5462
-0.9008 -0.6192
-0.9748 -1.1365
-0.7001 -1.7782
-0.3231 -1.5182
-1.0586 -2.2727
-1.3728 -1.7423
-1.1299 -1.6059
-0.7329 -1.1872
-1.6888 -1.9564
-2.2902 -0.9181
-1.1557 -1.2928
-2.2865 -2.4231
-1.5982 -1.4091
-1.0444 -1.1364
-1.3763 -2.0524
-1.1520 -1.3505
-1.4964 -1.5180
-1.0581 -1.6840
-0.6708 -1.4323
-1.6662 -0.6098
-1.4905 -1.9203
-0.7872 -1.3839
-1.2457 -1.7504
-2.2274 -1.0623
-2.0625 -2.5218
-0.5139 -1.5452
-1.7102 -1.8821
-2.0038 -1.2663
-1.6790 -1.1531
-0.8152 -1.3612
-2.0942 -2.5176
-1.9955 -0.5433
-1.2200 -0.9578
-1.1963 -2.0874
-2.3310 -2.2036
-2.1166 -1.0781
-2.1675 -1.5580
-1.6656 -1.2008
-1.1696 -1.3110
-0.9529 -1.0869
-1.4935 -1.4700
-1.8216 -1.8549
-0.7026 -1.3605
-0.6324 -2.0274
-1.1963 -1.4298
-1.3334 -2.1847
-1.5642 -1.4040
-1.1190 -0.3287
-1.8868 -2.1638
-1.6266 -1.9483
-1.9455 -0.9290
-1.4388 -1.3947
-0.7799 -1.6414
-1.4041 -1.4147
-3.2811 4.5501
-2.3070 -3.2975
-0.1881 -6.0022
-4.9809 3.5740
-3.1740 -2.1189
-0.5335 -1.4063
0.7592 -5.2559
4.0365 4.9216
2.5435 -2.1317
-1.1703 -0.4224
