2.8345 2.4331
2.1441 2.4037
2.1994 0.8009
1.4145 2.0676
3.5982 2.3231
2.5351 2.7938
1.1864 1.8034
2.5379 1.9310
2.2559 1.9382
1.8099 1.8465
2.5409 3.2282
1.5302 1.6803
1.4970 1.8889
2.3297 1.6733
1.7819 2.5081
2.3918 2.1303
0.6456 2.0690
1.5987 1.5215
3.8523 2.0601
1.0230 2.1097
1.7678 1.8093
2.1228 2.1725
1.5646 2.3866
2.9276 2.8512
2.9185 2.5084
3.1083 1.8142
1.8592 2.2831
2.7383 2.6864
2.9110 2.3430
2.2622 1.3806
1.4852 2.0858
1.2221 1.5907
1.8848 1.6907
2.0033 2.6726
2.2929 2.2666
1.9064 1.0204
1.8082 1.7279
1.1812 1.5928
1.6516 2.4894
1.2731 1.3056
0.3911 1.5662
1.2181 1.2301
2.0884 2.1631
2.2734 2.3103
1.9459 1.4453
1.8652 1.4523
3.0773 2.3093
2.9741 1.8068
0.6928 0.8346
2.2252 1.1920
1.4672 2.0500
1.7683 1.3461
2.2487 2.4702
2.8983 2.0114
2.3703 2.4202
2.8363 2.1876
2.0940 2.0518
2.4110 1.8054
2.2803 1.8833
1.0117 2.4789
2.1875 1.8461
2.4207 2.7211
2.7342 1.2259
1.8244 2.1069
2.0772 2.7016
0.9524 1.3615
2.2606 1.5878
1.6778 0.6875
1.7316 1.6425
0.8775 2.0460
0.4165 1.4788
3.1409 2.3020
1.6707 1.4264
1.3571 2.6813
1.3794 1.3309
1.9003 2.8260
0.5643 1.3317
2.9955 3.2653
2.7289 2.5579
2.2931 2.2574
1.5031 2.1200
1.8134 3.0359
2.4441 2.0116
1.7820 2.8051
3.2754 2.9116
2.1036 2.0414
2.4175 2.7352
3.0641 2.3965
1.8413 2.4505
3.0210 1.7773
1.6959 2.7054
1.7757 2.3419
2.7133 2.5161
2.7096 2.8411
3.0287 2.2152
2.7932 2.1473
2.5403 2.1429
2.4174 1.6272
1.6143 1.6272
1.6324 1.8784
2.6538 1.8649
2.7386 1.6111
1.4444 1.0068
2.0500 1.6604
2.2030 0.9717
2.7858 1.8064
1.8150 0.9517
2.3934 2.3689
2.8365 2.2393
2.5663 2.7200
0.4438 1.1198
2.2332 2.4153
2.2458 1.2578
3.9532 3.0574
1.4438 1.4130
1.7673 2.2922
1.4826 2.1867
3.0667 3.2211
3.0707 2.0813
3.0529 1.9392
1.2440 1.6062
3.1997 2.1830
2.7059 3.0220
1.3788 1.1973
2.1762 2.0687
1.5985 2.5749
2.4435 2.4639
2.0263 0.6780
2.4481 2.6694
1.8553 2.5384
2.6422 2.4126
2.3535 1.7176
1.5686 1.6511
1.6048 2.5055
1.7893 2.1527
1.6191 1.5384
1.4158 0.9844
1.2474 2.1949
1.7108 1.8860
2.6862 2.2606
1.9159 2.8374
1.0668 1.5762
1.2185 1.5248
1.2292 1.0584
2.6756 1.7513
1.5381 1.8752
2.7314 2.3854
3.5585 2.2278
2.3782 2.4509
2.6245 2.0564
2.1270 2.2732
1.8570 1.3186
2.4213 2.4855
2.0753 1.2048
1.9780 2.9113
1.7733 1.5266
1.9032 1.9929
1.6412 1.9590
1.9089 1.4525
1.0632 1.4767
1.5467 1.5496
1.7414 2.5481
1.3173 1.2548
1.8229 2.4464
-0.5409 1.1342
0.8941 1.9584
1.2728 1.5449
1.2770 1.7422
3.1712 2.7760
2.1682 1.2506
1.6785 0.9500
1.8059 1.3454
3.6829 3.2693
1.2872 0.6081
1.6484 2.1360
2.6583 2.1717
2.9676 2.7447
0.6189 1.9257
2.3627 1.3993
1.6613 1.9457
1.2276 2.1694
2.2613 2.7293
2.3381 2.1623
0.9458 2.0028
1.5616 2.4065
1.4508 2.4690
1.1542 1.8580
2.4784 2.2838
2.0688 2.0706
1.8859 2.8859
1.2893 1.9856
0.6173 1.0074
2.2057 1.8506
2.1932 1.9526
1.3926 2.0873
2.2583 1.9630
1.0421 0.7480
0.9463 2.1329
2.7556 3.0667
0.9589 1.4223
-2.2400 -2.9215
-2.0972 -2.2090
-1.8967 -2.1095
-1.3819 -3.0812
-1.6827 -3.1246
-1.9396 -1.4183
-2.9576 -2.7917
-2.7402 -2.0385
-1.8346 -2.6739
-2.3690 -1.3218
-2.4398 -1.8508
-2.2840 -1.5127
-2.0341 -1.8768
-1.7851 -1.7848
-1.5054 -1.9115
-2.2890 -1.3603
-2.4580 -1.2951
-2.3433 -2.3086
-1.7812 -2.0097
-2.4687 -1.2981
-2.0612 -3.2387
-1.9203 -2.9402
-2.1604 -1.7735
-1.8715 -2.3374
-1.8466 -1.2016
-2.0427 -1.7900
-2.8727 -2.0282
-1.7066 -1.6745
-1.3926 -1.8512
-2.3303 -1.1732
-2.9940 -2.3652
-1.8019 -1.6299
-1.1122 -1.9141
-2.0883 -1.9719
-2.0609 -1.4486
-2.2911 -1.7392
-2.0141 -2.5258
-1.8457 -2.2663
-2.0474 -2.8272
-1.1472 -2.0701
-1.7073 -1.6884
-1.9639 -1.9987
-2.0824 -2.3043
-1.6555 -2.5873
-2.3169 -1.9806
-2.2076 -0.5599
-1.7521 -2.2145
-1.4580 -1.8322
-1.6088 -1.4407
-1.6961 -2.9209
-1.9821 -2.4007
-2.2466 -2.4641
-1.7251 -1.4042
-1.5887 -2.8043
-1.5485 -2.5725
-2.7443 -1.6050
-1.2607 -2.5743
-1.8523 -1.2624
-1.4142 -2.5137
-1.6999 -2.3277
-1.9278 -2.4642
-2.6055 -1.8184
-2.9089 -1.4362
-2.0568 -1.2152
-2.0608 -1.7620
-2.1910 -3.1285
-2.9677 -1.8016
-2.2827 -2.2004
-2.5711 -2.2979
-1.6171 -1.1026
-1.8397 -1.5386
-1.4774 -1.6260
-2.5609 -2.6992
-2.5951 -1.8108
-1.8039 -0.6323
-2.3357 -2.6307
-1.5661 -1.1366
-1.5261 -1.2183
-2.5757 -3.2226
-2.0714 -2.1196
-2.2164 -2.1950
-2.2554 -1.3328
-1.7942 -2.5317
-1.3699 -2.9931
-1.7036 -2.0211
-2.2521 -2.6553
-2.5847 -2.0475
-1.6491 -1.7889
-1.1725 -1.7648
-1.6624 -1.4681
-2.2653 -2.2104
-1.7108 -1.8500
-2.7694 -3.3127
-2.2033 -2.0138
-1.5595 -1.4869
-2.9590 -1.5001
-2.6416 -1.5859
-1.7886 -0.4571
-1.6912 -1.6880
-1.4802 -1.2903
-2.7625 -1.0354
-2.0966 -1.0319
-1.6683 -1.4656
-2.2593 -1.7089
-2.0218 -2.6841
-1.9571 -0.8674
-2.5932 -1.5737
-1.4702 -2.6559
-2.4444 -2.2564
-2.2800 -1.3582
-2.9638 -1.9691
-1.9879 -1.8865
-1.9504 -2.5864
-2.4239 -3.8618
-1.8476 -1.7493
-1.9011 -3.6109
-1.5552 -2.0737
-2.1989 -1.4686
-2.4244 -2.9506
-2.6678 -1.9298
-1.9251 -2.9109
-1.6141 -1.7282
-1.2124 -1.6153
-2.5349 -2.6796
-1.4231 -1.6473
-1.8065 -3.4411
-2.2086 -2.2784
-2.4866 -2.0856
-1.5347 -1.9066
-1.6179 -3.0064
-2.3262 -1.7915
-2.1595 -2.2418
-1.2749 -1.9432
-2.3012 -1.1347
-2.0144 -2.4543
-2.1437 -1.7613
-2.1723 -1.2015
-2.2282 -1.7990
-2.4346 -1.2776
-2.5898 -1.9178
-2.2898 -1.6159
-2.5008 -2.1755
-2.1515 -2.1929
-1.7983 -2.4279
-2.2394 -1.9158
-2.0383 -1.2499
-1.7127 -1.3840
-2.0590 -2.9015
-1.9315 -2.3212
-2.2885 -2.0918
-1.6720 -1.1621
-2.1517 -1.4396
-2.4690 -1.7812
-2.2943 -0.4133
-2.1317 -0.9134
-1.4106 -2.1466
-2.5019 -2.5852
-1.9612 -2.3855
-2.4488 -1.5316
-1.5180 -2.0902
-2.1887 -2.6834
-1.9411 -2.9638
-1.9784 -3.2948
-2.2242 -2.7720
-3.0338 -1.8190
-0.7696 -2.0436
-1.8376 -2.6078
-1.8970 -2.4805
-1.6972 -2.3373
-2.0419 -2.9810
-2.1545 -2.1255
-2.5034 -2.8078
-2.4868 -3.0058
-2.1574 -2.0854
-2.3267 -0.4311
-0.7995 -1.7635
-1.5981 -2.4236
-2.2293 -1.9385
-2.2971 -1.7489
-2.4291 -2.5101
-1.9913 -1.5477
-2.1140 -2.1237
-1.3665 -2.3271
-1.8935 -1.9892
-2.5234 -0.8969
-1.9538 -1.7991
-2.8881 -3.3000
-1.9738 -2.2882
-2.3007 -1.2887
-2.1177 -1.9494
-1.5777 -1.8965
-2.5174 -1.2766
-1.1022 -1.6839
-1.8379 -2.7519
-2.7700 -1.4933
-1.5524 -2.7740
-1.4415 -1.8024
-2.4988 -2.1802
-2.4000 -1.2071
-2.4278 -2.1793
-2.0480 1.5393
-2.5321 1.7554
-2.2600 2.6738
-1.1962 1.2896
-3.5151 0.4870
-2.0692 1.8284
-2.7880 3.0546
-2.7796 1.6473
-1.7316 1.6565
-1.1761 1.9843
-2.9104 1.1785
-0.3554 1.9699
-2.9199 2.1971
-0.7485 2.1445
-1.5099 1.8210
-0.9865 2.4828
-1.2806 3.0207
-1.6130 2.1334
-1.7553 2.2264
-2.0029 1.6119
-2.1713 2.4123
-1.4556 1.3273
-1.9801 1.4972
-2.5641 1.4783
-0.9498 2.3287
-2.1981 1.9749
-2.2130 1.6090
-2.6170 0.8830
-1.2506 1.9870
-1.6981 1.4468
-2.1940 1.5331
-1.3490 2.2556
-2.3928 1.3981
-1.8885 2.5299
-1.5465 2.4371
-0.9926 1.8512
-1.6865 0.7035
-2.2494 3.0810
-0.9316 1.6522
-0.2254 1.6375
-2.3223 2.3270
-1.9185 1.7829
-1.4424 3.0288
-1.9629 1.7345
-1.9599 2.7631
-1.9720 1.9023
-1.2669 2.3315
-2.0353 2.5557
-1.8398 2.0137
-2.6616 2.0681
-1.5869 2.0145
-2.7972 0.7589
-1.7932 2.6645
-1.2646 3.2925
-2.6470 1.6494
-2.8549 -0.0733
-1.8502 2.1345
-2.2589 2.7876
-2.5738 1.6698
-2.8877 1.1972
-1.2292 1.5161
-2.4872 1.3795
-2.2642 2.8985
-2.2171 2.3908
-1.6713 1.9951
-1.6091 2.0055
-1.9114 2.7834
-2.2780 2.5649
-1.6347 2.4486
-1.0597 1.3930
-2.6634 1.2922
-1.4475 1.6522
-1.2528 3.2993
-0.8628 2.8336
-1.8785 3.1372
-0.7450 3.0821
-1.1692 1.1813
-2.0283 1.2751
-1.7842 1.3349
-1.0717 2.4069
-1.6977 3.5383
-1.0242 1.9794
-2.3140 1.9016
-2.3469 0.5562
-1.6103 2.5426
-1.9096 1.2968
-2.4291 1.1355
-2.0250 2.1849
-2.6249 3.2926
-2.5335 2.2948
-1.6072 2.8671
-2.4483 2.7121
-1.3467 1.5692
-1.7054 1.9385
-2.8057 1.4522
-2.4717 1.4324
-2.3834 2.2023
-1.9358 1.9324
-1.5454 1.5836
-1.4789 2.1316
-2.1743 2.1898
-0.9767 2.6668
-1.5004 2.6773
-2.1310 2.3102
-1.7229 2.1233
-1.9626 2.4593
-2.4459 2.5300
-2.9924 1.5350
-1.3508 2.2589
-1.5086 2.2059
-1.9808 0.8100
-2.4555 0.9180
-2.0747 1.2706
-1.6535 1.9213
-2.4437 1.4977
-1.8376 1.3182
-2.3860 2.3899
-2.2165 1.7919
-3.1075 1.4595
-3.1615 1.6514
-2.6169 1.2907
-1.4500 1.4836
-1.2240 2.3584
-0.6883 2.0939
-2.4114 2.4038
-2.9594 0.9731
-1.8817 1.1235
-1.9171 2.0434
-1.8638 0.6775
-1.3498 2.0569
-2.1889 0.8468
-2.6473 1.3560
-2.1072 1.2423
-1.0286 2.2447
-2.1294 2.0093
-2.4738 1.0619
-2.6442 2.6316
-1.6868 2.0084
-0.8696 2.2841
-2.2459 0.9011
-1.6876 2.1999
-2.7117 1.5180
-2.0498 2.3212
-1.6106 2.1686
-1.9085 2.3907
-0.9835 2.3084
-2.1785 1.4283
-1.7119 3.0811
-2.2794 1.9231
-1.8641 2.0069
-1.8131 2.4307
-2.1256 1.8973
-2.0290 2.4923
-2.4640 2.2212
-1.7813 2.4326
-2.2994 1.9869
-2.7779 1.6867
-1.2388 2.1982
-2.6024 1.4240
-2.9812 2.2538
-2.5300 1.3338
-1.5174 2.4576
-2.8366 1.9824
-0.8877 1.8677
-1.3244 2.3938
-2.0130 1.7326
-2.4767 2.8499
-2.4686 2.1456
-2.3979 1.2444
-2.1691 1.6782
-1.5700 2.3757
-2.1467 1.2857
-1.0293 2.2247
-1.9327 1.5109
-2.8270 1.0536
-3.1197 2.2990
-2.1368 2.1318
-3.1004 2.9285
-1.9070 1.6040
-2.0925 2.3512
-1.6757 1.0504
-3.4397 1.0797
-3.4935 1.7937
-0.5967 3.1433
-2.0036 1.7066
-2.4154 0.8017
-2.1473 2.0566
-3.0118 1.8872
-2.4687 2.5299
-1.6685 1.2192
-1.7488 1.8998
-1.4692 2.0384
-2.9480 1.3583
-1.5472 1.9606
-3.2780 2.2138
-1.6742 2.1218
-1.5760 2.6152
-2.5450 0.7677
-2.5211 1.8560
-0.7543 3.9694
1.3419 -1.8935
1.9232 -2.0952
1.6655 -2.2051
1.5046 -2.5634
1.4111 -3.2420
2.3169 -1.5346
2.4218 -1.8481
1.8912 -2.3960
2.5201 -1.3773
1.6677 -2.3772
2.0559 -1.8752
1.6080 -2.0570
2.6326 -1.8307
1.7929 -2.1806
2.8269 -1.3904
1.5197 -1.9598
1.1756 -3.0335
2.3151 -1.3865
1.3197 -2.2423
1.5902 -2.1969
1.6566 -2.4960
1.6123 -2.9007
2.9534 -1.5353
2.0037 -1.8650
2.0428 -1.8260
2.4304 -1.5093
2.0880 -2.2401
2.3261 -1.3638
2.0542 -1.6386
1.7570 -1.7193
1.6432 -2.6228
1.7414 -2.0129
1.8676 -2.4088
1.8338 -2.1407
1.6671 -2.6951
1.1776 -2.5588
1.6555 -2.0490
1.9866 -1.4433
2.7325 -1.3998
1.5277 -2.0702
2.1228 -2.0651
2.2989 -1.9343
2.8400 -1.4539
1.5053 -2.2941
2.0607 -2.0952
1.6750 -2.0407
2.4042 -1.5055
2.8076 -1.6164
1.6979 -2.5635
2.4210 -1.6175
2.6311 -1.7365
1.5315 -1.6354
1.3604 -2.5356
1.6482 -2.2254
1.3921 -2.4643
2.2297 -1.7178
1.4836 -2.0390
1.9123 -2.2046
2.4770 -2.1422
1.5322 -2.4627
1.4220 -2.1815
2.6142 -2.0678
1.5568 -1.8682
2.0647 -1.7175
2.2619 -2.2033
1.2064 -2.8031
1.8561 -2.1465
2.3499 -1.8701
2.0676 -2.1838
1.6968 -2.6936
1.6685 -2.7921
2.2378 -1.9558
1.9537 -1.8556
1.3460 -2.8967
1.2773 -2.7550
2.3963 -1.1456
1.1905 -2.7226
2.1200 -1.1768
1.0858 -2.6464
2.4096 -1.6162
1.7207 -1.9272
1.8363 -1.8970
2.2295 -1.4896
1.3001 -2.5713
2.4460 -1.2071
2.4547 -1.6838
1.9364 -2.7931
2.1240 -1.7929
1.9412 -1.6327
1.4583 -1.9896
2.0974 -2.1123
2.5152 -1.6550
2.8486 -1.3991
1.7476 -2.5378
2.4635 -1.8387
1.8721 -2.0161
2.2216 -1.8175
3.0598 -0.6733
2.6087 -1.1681
2.2136 -1.5197
2.1420 -2.1044
1.9386 -2.2429
1.7507 -2.4587
1.7269 -2.4366
2.0589 -1.3937
1.8491 -2.3536
1.8308 -1.9888
2.5008 -1.6695
2.7541 -1.1241
2.5083 -1.5197
2.2058 -1.5620
2.7123 -2.1584
1.7431 -2.1555
1.8802 -1.6289
2.1050 -1.8698
1.7399 -1.5673
1.7655 -2.3267
1.7635 -1.7523
1.3785 -2.3400
1.1018 -2.3701
2.4059 -1.6819
2.9219 -1.7410
1.6720 -2.4286
2.2211 -2.0180
2.3411 -1.2004
1.9695 -1.8637
1.6780 -2.2984
1.6720 -2.2234
1.6773 -2.1775
1.0997 -3.6130
2.7606 -1.3182
1.9687 -1.7406
2.7939 -1.3813
2.2580 -1.6298
2.6292 -1.4934
2.0323 -2.7312
2.0183 -2.1883
1.7734 -2.6070
2.2784 -1.5955
2.0304 -2.3400
2.6122 -1.5411
1.8326 -1.9704
0.9067 -3.2332
2.0039 -1.9965
2.9185 -0.5220
2.1028 -1.9800
1.3910 -2.2409
2.3931 -1.6187
2.4943 -1.6724
2.1976 -1.3545
2.1781 -2.0526
1.7227 -2.6469
2.4949 -1.7693
1.8068 -1.8272
1.8903 -2.1263
1.4900 -2.7668
1.0343 -2.8004
1.5888 -2.5235
2.2798 -1.5317
2.4374 -1.6277
1.5404 -2.2472
2.5223 -1.0004
1.3155 -2.6423
3.2741 -1.1276
2.3596 -2.1591
2.4037 -1.4854
1.3152 -2.1164
1.6837 -2.0226
2.9795 -1.3132
1.7213 -2.1006
2.0950 -2.1033
2.3099 -1.5361
2.3135 -1.3955
2.6196 -1.3710
1.4989 -2.3008
2.1332 -2.0577
3.2024 -0.6833
1.4741 -2.4587
2.3101 -2.7813
1.8083 -1.5591
1.7178 -2.4384
1.5563 -2.0826
1.7134 -1.5985
3.0200 -1.5614
1.8883 -2.6779
1.8567 -1.9549
2.0211 -2.6670
2.0122 -2.1494
2.1329 -1.5409
2.8297 -1.1123
2.1198 -2.3648
2.0144 -2.2916
1.7653 -2.6660
1.7770 -2.2832
2.3790 -1.5451
2.5175 -1.8738
3.0803 -1.1565
2.4098 -1.4322
1.6903 -2.0003
1.8158 -2.8083
4.5611 -3.6932
-5.2205 -2.1265
-4.8903 -5.7771
-2.3235 1.7469
-1.6589 5.7871
0.1640 -6.0402
-4.3594 -5.8332
-0.5008 3.7123
-4.6857 6.9578
2.1469 6.6959
