1.9795 -1.3121
2.0941 -0.0918
1.6967 -0.2750
2.2256 0.0120
1.5253 -1.1130
0.9666 -0.3529
2.3718 -0.0218
1.7710 -0.5481
0.5463 -1.4537
1.9520 0.3416
2.2807 0.5614
1.5911 -0.4787
3.3752 0.1006
1.5102 -0.2160
0.3918 -0.0691
1.9226 -0.8255
2.1360 -0.6596
1.9569 -0.6702
1.8557 1.6859
2.0781 1.6160
1.6093 -0.3241
1.1841 -0.5982
1.7135 0.2124
1.5065 -1.8849
1.7208 -1.3547
2.0749 -0.8102
3.1279 0.3517
1.8102 0.3508
3.0049 -0.5136
2.1583 0.1467
2.1262 -0.1629
2.8074 0.2994
2.0167 -0.5437
2.7454 0.5908
1.7447 -0.0404
1.9427 -0.1023
2.4699 -0.0439
2.6802 1.5733
2.8010 -0.4203
1.8501 0.0083
2.0026 0.0768
2.6576 1.3102
1.2170 0.0283
0.4959 -1.1902
2.9686 0.5734
1.0243 -0.1490
2.6190 0.8477
1.1484 -0.0918
0.0708 -1.1462
2.3836 0.1286
2.2985 -0.0977
1.2645 -0.0541
1.3423 -1.1155
1.4582 -0.2854
2.0651 0.6226
2.5040 -0.3220
1.9647 1.1359
1.0825 0.1882
2.7078 0.0438
1.2018 -0.9692
0.6582 -0.2894
1.8650 -0.0438
2.1914 -0.0031
1.9165 -0.3162
2.0728 -0.4703
2.0207 1.0507
1.7240 1.0938
2.7090 -0.1296
2.6831 -0.3445
2.6523 -0.1314
2.8459 0.9445
2.9415 -0.2540
2.0659 -0.5331
2.8485 1.3782
3.0116 0.0580
2.8585 0.6377
0.8395 0.2998
2.8132 0.5952
2.6131 1.1010
2.6571 -0.1947
1.9284 0.2251
2.1506 -0.1191
1.9899 -1.3512
2.6966 -1.4791
2.2331 -0.0887
1.4084 -0.2983
2.8278 1.6229
2.9504 0.9591
1.9344 -0.8526
1.6815 -0.0560
1.3902 0.3591
2.2929 -0.2563
2.6771 -0.7181
2.6941 -0.1684
1.6774 0.1578
2.9840 -0.2106
3.2183 0.7696
2.1459 0.2076
3.2952 0.5127
1.3518 0.1112
2.0232 -0.7713
3.0503 0.0934
2.2505 0.1793
1.6121 0.2985
0.9677 -0.7671
0.8727 -1.8333
3.1398 0.9218
2.1065 -0.8185
0.6822 0.3048
1.2392 -0.8183
0.7620 -0.6558
3.3269 0.6945
2.3047 -0.0976
1.8301 -0.6432
2.0684 0.5107
1.5418 0.0602
2.3663 0.0586
2.9015 0.1320
1.2944 -0.8312
2.0535 -0.2385
2.2257 -0.5991
2.3787 0.3946
2.8893 0.0847
2.2174 0.5327
0.4877 -0.8916
2.3421 0.5638
2.2176 0.9997
1.7706 0.2854
1.2385 -0.8854
1.1597 -0.4491
2.9979 -0.1824
2.4313 1.4761
3.0158 1.7281
2.3888 0.5306
1.8064 -1.0688
3.3488 0.3351
1.9904 0.4434
2.9782 0.5583
2.6911 0.9110
2.1646 -0.2309
3.1454 0.0855
1.8685 0.5245
2.0756 -0.6139
-0.0319 -1.0233
2.3170 0.1734
2.3770 0.0838
2.1849 0.7530
2.1805 -0.5440
2.1720 0.3035
1.5171 0.6599
3.1822 0.1601
3.1372 1.2038
2.2682 0.1329
1.8901 -1.0389
2.0517 -0.4804
1.2417 -0.4219
2.2954 -0.0114
1.6703 0.2446
1.2828 0.5095
2.0735 -0.3485
1.5370 -0.1527
2.5427 -0.0979
2.9868 0.3361
1.4322 0.2538
1.8042 0.0554
1.6998 -0.9365
2.1593 -2.1244
3.7046 0.2096
1.3884 0.1828
0.9284 -1.3554
1.2104 -0.5969
1.0679 -0.4883
3.2277 -0.1045
3.2581 0.6225
2.1332 0.1655
1.1660 0.2113
2.9590 0.8789
1.7270 -0.5076
2.9767 0.2109
1.6394 1.0675
1.8661 0.0333
2.1280 0.9843
1.9011 0.3816
3.1246 0.4551
0.8747 0.5620
1.4059 -0.0288
1.5953 -1.7632
1.7301 -1.2397
1.2466 0.0604
2.6563 0.3299
2.6797 0.6381
1.9243 0.3800
3.0608 0.2415
2.4247 -0.1157
1.3828 0.2447
2.1898 -0.5549
2.1512 0.4917
2.0776 0.0962
2.3726 0.7298
2.2174 -0.1532
-1.1727 -1.4798
0.1196 -2.1263
-1.6788 -1.9035
-2.0319 -3.0319
-0.8271 -1.3692
-1.3366 -2.4077
-1.4798 -1.9583
-1.6609 -1.8937
-0.6618 -1.1025
-0.1924 -2.6034
-0.8874 -2.3752
-1.6287 -0.8988
-1.7216 -0.9111
-0.5701 -2.7987
-1.6111 -2.2624
-2.7954 -2.1750
-1.5224 -1.7950
-0.7704 -2.6584
-0.9510 -2.2336
-1.1778 -1.6223
-1.2998 -2.0236
-2.0506 -0.8017
-0.8641 -2.3121
-1.7585 -2.4823
-1.6871 -1.5607
-2.1316 -1.6131
-1.5231 -2.1899
-1.1774 -2.0643
-0.9445 -2.1298
-0.9785 -1.3687
-1.0311 -3.3952
-1.7967 -1.4562
-1.0458 -1.5377
-1.6890 -1.3830
-2.2514 -2.5620
-1.5693 -0.8807
-1.1203 -2.0586
-1.9457 -1.3025
-2.2745 -1.7070
-0.9247 -0.8174
-0.8839 -2.7288
-1.0453 -1.8896
-1.4777 -2.1068
-1.8704 -2.1200
-1.6741 -1.6809
-1.9933 -1.0590
-2.2029 -1.7356
-1.5459 -3.2874
-1.6814 -0.7038
-1.7456 -2.1184
-1.4372 -2.0751
-1.8774 -1.9505
-1.6305 -1.6653
-1.8132 -2.5993
-1.0993 -2.9131
-2.6861 -2.2511
-1.5001 -1.9679
-1.5468 -0.9904
-1.7840 -1.2879
-0.7981 -3.4273
-0.4527 -0.5240
-1.9372 -1.8798
-1.8491 -1.7706
-0.6087 -2.1714
-0.4819 -0.9583
-1.6442 -1.3471
-1.6610 -2.8406
-1.3229 -1.3151
-2.0077 -1.6725
-0.7970 -1.7956
-0.5212 -1.5167
-2.4353 -3.1975
-2.2874 -2.0123
-2.1254 -2.4738
-1.4499 -2.3665
-2.2032 -2.1481
-1.8607 -2.3745
-1.3885 -2.5092
-1.7069 -1.1742
-1.7185 -1.8954
-1.3072 -2.6094
-0.9145 -2.1033
-1.0365 -1.6449
-0.0823 -2.4586
-1.2480 -0.9241
-1.2494 -0.8943
-1.7427 -1.3425
-0.7422 -1.6368
-1.5727 -2.0249
-0.7342 -1.4123
-2.0070 -1.6890
-1.8338 -1.7308
-1.9903 -1.1968
-0.5716 -2.1255
-1.2458 -1.8463
-1.6474 -2.6456
-1.5775 -2.1990
-0.4018 -1.1764
-2.8857 -2.8132
-1.4494 -1.8862
-1.4898 -2.3568
-1.8719 -1.6118
-1.8482 -2.7820
-2.3148 -1.5735
-1.6553 -2.0791
-0.6076 -2.1237
-2.4094 -0.6970
-2.2739 -1.9434
-2.0556 -1.8250
-1.0167 -2.1492
-1.3094 -1.8340
-1.3007 -1.6657
-2.1676 -3.1492
-1.7804 -1.2777
-0.8374 -1.9271
-2.3048 -2.1676
-1.2891 -2.3789
-0.1603 -2.6011
-2.4135 -3.0202
-2.5728 -2.4321
-2.4372 -2.2080
-0.8406 -1.3765
0.4483 -1.4536
-0.6661 -1.4237
-2.8705 -2.1588
-1.0940 -2.3169
-1.5083 -1.4883
-1.8843 -1.4173
-1.6768 -1.2245
-1.9634 -1.7172
-1.5587 -1.6639
-1.3753 -1.3904
-0.9920 -1.4683
-0.7901 -2.2761
-0.8249 -0.9259
-0.5938 -1.3901
-1.2638 -1.1864
-1.2078 -1.4228
-2.0110 -2.6379
-1.4613 -2.1208
-1.7529 -0.5578
-2.4778 -1.6248
-0.7285 -2.5510
-1.0423 -0.8469
-1.7619 -1.9612
-2.0146 -1.0374
-0.6233 -1.1628
-1.1992 -1.8630
-1.2319 -2.3526
-1.2143 -2.0628
-1.4226 -2.6300
-1.1940 -1.3504
-1.6616 -2.1552
-2.0296 -1.7961
-0.8850 -3.6066
-1.3368 -2.0138
-1.2332 -0.4183
-1.3010 -2.5702
-0.9905 -1.8538
-2.0380 -1.5141
-1.9900 -1.7854
-1.3062 -2.1069
-0.9129 -1.6995
0.0429 -2.1717
-2.2300 -1.9621
-0.5748 -1.6664
-0.3867 -1.6920
-0.6752 -3.0380
-1.6554 -2.5861
-1.3446 -1.7701
-0.6586 -2.1580
-1.5125 -1.9636
-1.4556 -3.0417
-1.5202 -2.9979
-1.3328 -3.0592
-2.1801 -2.2878
-1.0188 -0.9322
-2.1300 -2.8969
-0.5393 -1.6826
-1.6085 -1.4596
-1.4259 -2.1864
-0.4485 -0.4451
-1.1365 -1.6676
-1.5241 -1.8125
-2.3675 -2.6156
-1.5256 -2.6336
-1.6738 -3.2099
-1.5939 -1.6626
-0.7222 -2.9057
-1.8789 -1.5346
-0.8861 -1.4056
-1.6802 -1.7733
-1.2159 -2.1675
-1.8747 -1.9145
-1.4737 -2.0225
-2.9717 -2.3032
-2.0016 -0.9664
-0.5575 -2.4774
-1.4127 -1.2288
-1.6977 -1.6085
-1.9841 1.1369
-1.4181 3.1880
-2.4763 1.5222
-2.4072 2.3050
-0.4159 2.6810
-1.9997 2.5630
-0.6609 3.1158
-0.0491 3.1540
-1.8894 1.4432
-0.6627 1.9817
-0.5672 2.4253
-1.3868 1.5754
-0.8645 2.5406
-0.5173 3.8292
-2.1892 1.6757
-1.1836 2.5810
-1.5648 1.6063
-1.6805 1.9919
-1.6365 1.9647
-0.2977 2.9235
-0.2052 2.5661
-0.6159 2.8272
-1.2147 1.5749
-1.2152 1.7551
-0.5262 2.8309
-1.2094 2.1748
-0.8210 2.3269
-1.4575 2.0472
-0.1932 2.2787
-1.1428 1.7312
-2.8714 0.1916
-0.0469 2.1803
-1.7107 2.5363
-1.3582 1.9582
-2.5321 0.6884
-2.4648 1.3198
-0.5919 2.0517
-2.3072 1.5722
-2.0285 1.8462
-2.4644 1.5473
-1.4009 1.8023
-0.9706 1.3342
-2.0844 1.1904
-1.6443 2.6875
-1.1171 1.7863
-1.3317 2.0052
-1.8173 2.0878
-2.8464 1.4939
-1.8578 1.7893
-0.6649 2.3139
-0.0441 2.2218
-1.5887 1.6832
-1.5667 2.3676
-0.6869 2.6849
-2.3873 1.4663
-1.0194 1.3599
-1.7455 1.7558
-2.4381 2.5579
-1.7484 1.4449
-1.4473 1.8025
-2.1181 2.8240
-1.2924 1.3319
-1.6187 2.9235
-1.4706 2.1856
-1.5132 2.8203
-2.3460 1.7927
-0.9062 1.9903
-0.3694 1.0085
-1.5653 1.0902
-2.1785 1.6986
-1.0115 2.4673
-1.4848 2.3843
-2.8255 2.3336
-2.5548 1.4415
-2.2445 1.7218
-1.5969 1.9363
-0.8886 3.1181
-1.8146 1.8520
-0.8914 1.4895
-2.2448 1.8041
-0.8461 2.1221
-1.6812 2.0418
-2.6341 1.6589
-1.0913 2.1106
-1.2974 1.4877
-2.1209 2.1694
-2.0705 0.9420
-2.0532 2.1219
-1.2080 1.8064
-0.8300 2.7580
-2.7335 1.8573
-1.7585 0.4683
-2.9177 1.1779
-2.4328 2.1141
-2.0425 1.5254
-0.8789 2.6950
-1.8000 1.1265
-0.6966 1.3721
-2.0081 2.2209
-2.5551 2.3365
-1.6159 1.7225
-2.0192 1.5770
-2.6242 1.0315
-2.0297 2.0869
-1.6193 1.5654
-2.2827 1.8170
-1.7173 1.2147
-1.8327 1.3476
-0.8080 2.7276
-1.6977 2.0581
-1.0709 1.2118
-1.4240 2.6091
-1.4759 1.7974
-2.0916 2.0855
-1.5401 2.1819
-0.5216 1.9987
-0.6701 2.1281
-1.5885 2.3282
-0.7750 3.1738
-2.3598 1.2018
-0.8322 1.4075
-2.2650 1.5835
-1.9450 1.6291
-1.8782 1.6075
-0.8563 3.7508
-1.3323 2.2004
-1.7101 1.9181
-1.6928 1.4521
-2.2160 1.5330
-2.1681 1.7933
-1.5925 2.7448
-2.1348 1.7698
-1.4229 2.2721
-2.0248 3.2071
-2.7955 3.0386
-1.4382 2.6778
-1.2540 2.0064
-2.4346 1.2432
-0.3598 3.3768
-1.7438 2.2596
-1.7797 1.7153
-1.9196 1.9225
-2.2640 1.3469
-1.8405 2.0343
-0.9084 1.7149
-2.2462 1.2149
-2.2654 1.3640
-1.3784 1.6891
-3.3268 1.3114
-1.3883 2.3218
-2.1788 0.8514
-1.1373 1.3681
-1.3552 1.1008
-2.2327 1.3710
-1.0047 3.3939
-0.9796 2.4072
-1.6776 0.6289
-0.8563 3.0248
-0.6204 1.8257
-1.2780 1.2509
-1.0734 2.5717
-1.1206 1.8719
-1.4143 1.3108
-0.9107 2.0691
-1.7220 0.9275
-1.7146 2.4845
-0.4987 2.4524
-1.6690 1.8932
-1.2562 2.2529
-0.7030 2.3087
-1.8875 1.8050
-0.9488 2.2306
-1.8978 1.8313
-1.6610 2.3223
-1.0309 2.3816
-2.2736 0.4810
-2.3303 1.5340
-1.0443 2.3659
-1.3878 1.6666
-0.3404 1.6721
-1.3179 3.7083
-1.4223 2.1169
-0.7052 1.4798
-2.1122 1.9018
-1.4699 1.7749
-2.3597 0.9065
-1.2580 2.7050
-1.9612 1.8006
-1.4394 1.3993
-1.3693 1.3775
-0.7361 1.4283
-1.4515 1.3881
-2.3212 1.7753
-1.0055 2.2119
-1.6433 2.2984
-0.8931 2.3878
-1.8216 1.5671
-2.0401 2.0254
-1.9389 1.4028
-1.6908 1.7796
-0.6712 4.2497
1.1077 5.9613
3.7641 5.7121
4.9325 -5.5839
0.9763 -5.2504
3.2566 4.9666
5.5849 -2.0524
-0.6112 -6.6837
-5.1791 -0.0417
0.8973 -2.8102
